78067.8681
89810.72724
71661.88769
3639.489777
18072.29349
53492.01161
40277.40618
38567.26268
22622.66431
58940.17012
29624.71689
21048.62033
86886.15973
98121.26816
44073.13702
87446.81803
25783.90674
97091.46053
24044.88813
77476.47675
7483.264137
85376.96093
38484.11438
51011.03113
8616.1882
66855.84917
22537.71987
89671.28681
6528.798547
56789.00831
94050.66064
35545.21356
69973.03722
8914.169892
19383.57644
5857.198606
2949.858153
51717.02317
93554.1694
7405.389222
86790.40357
26102.1437
29831.76378
53997.87533
25263.48319
72779.66632
84386.86885
37293.1222
8259.207006
37688.17067
96034.78744
16382.4412
54734.92007
76644.84597
49380.01432
11344.21279
59724.41389
56705.60107
54498.82766
36383.92937
37020.12766
13936.33241
19275.79904
20287.79822
24026.78448
22914.61102
8033.949241
63691.76839
61431.94773
5859.362194
34697.51411
63531.1635
84991.14158
28617.71857
80158.37764
91503.52703
88317.39606
43758.6235
31597.79945
60399.86832
5257.677663
46253.81874
19539.89012
16887.42363
91386.55654
54139.49149
4214.139292
41918.38165
44044.76705
36949.66928
35931.59353
76130.22798
5316.219336
10007.07181
89932.98141
41485.28779
76444.51343
63421.76901
4091.911459
64162.17363
29436.69757
49920.31769
85921.03262
60281.50684
76797.57322
42214.42542
25618.23978
17091.15743
69442.46624
42195.41897
37043.49107
50648.0469
4367.030639
4881.588562
47476.17621
57127.95079
41220.68409
47664.00877
80213.29986
26685.57736
33901.56025
29284.49715
28265.00226
10896.45399
63006.62857
70023.70247
23055.00585
77762.13971
40367.66101
57105.99732
13498.19619
21549.76666
25891.83571
4571.877197
64688.78659
44516.48674
70196.27781
86551.24985
10599.32386
18846.65883
67603.47637
51196.53846
52534.47316
64580.75138
35455.48958
26183.42577
12569.39722
55104.35893
70626.88059
70295.85507
84650.75116
24502.3602
15564.71323
40809.78898
11663.13262
24683.82162
31788.49016
10619.19954
52080.86395
19145.86617
65399.75251
49279.63749
47475.51747
61899.81166
80729.70823
24804.60614
56374.62599
14933.85789
6948.324558
12152.17347
3388.209066
19929.8637
82926.09481
51460.3168
3143.380389
58647.59377
46205.06609
27902.99565
81856.83044
44526.77882
23966.81256
15540.93688
7368.545238
34544.22068
49472.58764
34351.38609
48872.17482
73382.58554
67637.51762
49351.24503
31155.45545
70543.89363
59351.16815
63499.98373
78667.17194
7314.894822
78698.27889
58428.28673
78363.7654
63582.45912
78396.35855
61091.49002
8458.856578
26447.1606
49227.11128
22254.76068
64164.62961
26009.28107
22955.76921
37148.75066
23664.40082
8156.569089
7456.361707
22874.05892
12879.23542
24471.34974
27963.20857
39342.37943
8187.672903
18602.02089
32866.76904
64947.25016
73724.87823
71075.32383
24897.36668
10441.07332
29265.56798
59603.09902
48682.52332
33362.27065
51212.03789
45513.2881
47253.41419
1370.803184
8119.637289
11493.07177
36825.52867
11128.61353
62118.53024
63521.10592
72143.19863
1467.377423
17349.77644
12513.94372
64785.35292
38024.76956
9793.322669
18813.152
17641.58962
8000.773258
57271.91747
22649.1899
3462.775286
46689.40823
18103.68557
65867.50552
43318.33258
11449.45569
52715.9866
74294.26953
52349.69279
66785.01694
25300.80263
37649.08647
46974.27766
59760.0204
2094.013096
37966.52753
30884.86018
41262.99847
23102.39301
16225.72879
42540.08598
45944.53609
6593.09228
35884.11782
32744.01466
21893.70912
68187.2566
33836.48081
69268.72761
68960.85936
39494.99619
70589.48616
53412.41641
69950.09214
41656.27079
60802.08635
7475.967587
23799.85
48041.47834
2103.54731
34616.82774
888.541025
14299.20053
27168.83125
15748.50623
46968.78195
16964.06952
30799.11055
66724.32093
39428.34239
72030.01097
65308.20965
12342.24684
48369.00045
57144.76311
26066.47188
26749.29149
38399.05033
19213.53558
25042.98261
16282.17417
17000.27317
37959.76314
1343.580204
4600.28985
40305.80038
62171.01893
26064.61455
57112.57804
46838.83978
60645.68171
64850.31946
41102.67858
49327.96147
45014.42068
22855.92717
17826.38201
59890.68359
65015.2109
38831.55841
21089.90878
28601.61013
43124.3609
57134.00912
12497.79869
18732.79577
19640.21387
59551.39693
63727.82008
64343.35467
3624.7438
44138.5052
20554.01615
22358.48734
7674.784253
27493.85876
27266.60555
12997.74999
14843.06644
27530.85926
32566.15881
12108.87454
18137.77679
57642.19059
13688.19645
49770.16036
58239.38841
20796.06637
44635.1857
15605.61184
11588.60869
56155.0178
25817.48404
11911.61583
62550.45252
42666.10277
62090.98148
845.8650622
25898.62517
4018.479819
56801.40282
11473.75968
60895.22065
33820.03313
5182.547584
27686.51571
56114.88249
21789.8329
58304.69258
12047.73044
55270.28157
37119.90428
13212.92027
42650.41896
31465.14182
9788.777969
6352.4204
10006.81271
38881.49306
5353.977498
26607.68281
21683.6381
48532.43377
12656.34466
32498.2616
23703.33992
45482.76416
49290.39983
56247.25935
5249.078429
54021.45601
52875.85721
21317.65446
8186.420744
37425.86076
10959.75477
14854.93656
50813.24123
59270.07906
36574.46105
7998.053783
29782.63193
55481.06602
34131.91176
45137.7729
57775.57575
42774.83531
56111.31306
49745.06322
5187.526209
35966.96392
31948.38917
59670.42391
7249.460678
15671.03214
34746.83359
2274.538106
55556.62382
59351.78331
44956.487
4360.987633
46643.88418
4251.803895
53670.46676
52903.86497
19992.49902
37384.72399
21549.02587
32738.22384
19094.17499
25570.12681
31038.62975
31606.65353
44215.54537
2636.421329
46457.4041
38023.44492
9306.947679
45861.85793
40931.28065
50389.91642
54431.97977
39500.28576
4471.24312
17916.6938
8958.689402
43710.61965
3703.270927
572.3094528
27899.16337
31981.7571
34416.73631
30695.39564
50634.32835
23855.42222
8530.063241
5082.353291
41807.9856
47105.87332
24116.54036
6353.919718
7058.647966
42926.69593
24901.95855
43792.97048
43585.0131
53725.54042
52008.29517
52971.02569
39237.136
6130.31266
45628.9796
47937.07865
47492.74909
16574.56176
39236.11622
39589.36821
35191.39379
13508.18744
53615.85581
17436.92753
14932.26019
5786.17622
52597.63705
37618.13309
35536.46003
29703.8197
4991.238003
24253.86915
37406.35758
30517.20773
8248.768957
26038.50858
11157.98141
49153.09691
28417.286
17692.10408
39028.37662
50075.17339
993.9649103
51828.36203
41792.03642
49990.64695
9497.51248
20748.50439
46538.9739
33164.34599
39480.84272
25658.76637
23262.34494
49539.74437
11029.0152
29251.61382
8632.713682
49394.61401
4007.308961
3123.253495
33526.14247
45753.84257
30406.29615
13085.52675
22950.99116
40939.30701
48328.57106
16214.77894
38985.16825
8878.965665
40474.71495
42193.87209
1073.111772
16543.53293
36652.10527
15282.96266
17411.9685
37644.03133
33777.98779
12112.53878
21918.89749
21361.83971
5784.140564
25025.22483
2023.097059
17823.67127
45206.27218
8794.417271
22314.94326
4749.470206
612.9129923
38928.24086
38318.06895
13431.55752
34570.34202
38863.28486
30985.42035
29751.99309
46559.5383
8451.386089
40181.21713
38670.06469
6817.47843
5984.760101
31654.82315
14065.14072
26740.16606
23916.16286
941.6745826
13945.37851
1716.728558
11699.9113
39880.19593
20521.05518
7853.377579
37782.75965
1446.230619
33046.87364
24661.9217
21805.72817
41857.29077
34208.47324
3191.542365
20176.20438
30373.79628
23660.60231
25822.1701
33191.25792
36893.85765
17074.66302
20758.47092
10702.80304
11156.62938
30025.02612
3357.72144
5682.211711
6129.215009
8442.045847
7064.508762
26738.57173
36135.70171
14814.52798
2239.557927
20361.69764
24700.04595
40384.19643
5339.016831
41036.57607
19155.53322
24240.39943
16558.35449
30326.19082
13281.64743
29994.83476
23225.69515
37513.50353
4978.262252
12516.49431
14508.96291
22150.21465
16968.80034
38108.16665
28021.0072
14100.09854
24882.36812
7120.075245
22965.73912
8229.989142
16991.886
10684.04308
23096.3476
33006.0265
1620.742119
18045.99725
5269.940596
19091.58641
21914.93236
20986.67348
21185.95446
36171.02286
17645.70924
921.574979
34227.99277
34394.50157
17434.96779
28152.59162
5938.576988
2766.97224
2556.164869
15023.85161
34204.10146
30227.00569
3501.188004
21031.82456
3214.881282
27444.83468
19468.04729
16527.7532
30071.57052
22905.97231
1042.53124
33149.63847
20064.55375
3215.170772
13795.12235
7210.296429
14291.91022
30136.96584
16404.71662
30309.90412
30415.30468
26390.09376
20169.16559
10634.15358
23225.98682
19328.24262
18778.34195
8676.403777
24720.96369
34014.18806
9275.376703
16782.10952
24583.44879
3420.849812
20451.83865
16886.68876
19096.87469
23956.67122
33913.9828
17604.07558
30783.65181
8574.557579
16327.79759
8492.302122
13937.02458
7918.501155
6544.504139
32914.21701
574.4849382
10761.97734
20198.70562
18136.26797
21301.92173
18529.0104
26575.85189
8233.790808
22005.59992
14057.45926
2892.188214
14190.06792
27145.88736
4014.103292
16419.2051
28536.76007
12137.96295
17291.00175
21718.22485
22844.64043
23850.7024
5037.004288
21094.76155
27166.58899
25066.06779
1761.312111
22769.34283
21877.71185
23280.28511
28695.2589
22478.608
4683.103037
21307.17978
27875.22486
11495.43481
1216.4237
5838.987388
21539.75788
5949.834718
18588.69692
9149.779563
17861.11193
494.2457047
11063.14519
12948.81837
18007.15141
23584.9558
22642.16122
17902.54434
23806.08543
9023.61537
25183.89625
21459.03562
5625.696141
14830.75175
19150.502
10933.46428
24180.90308
995.0153546
3294.487013
8873.416134
3819.55368
11681.69386
439.6242195
11300.48697
18973.55704
1812.420026
9914.167036
15800.11923
20822.87283
24010.08199
23109.42093
23186.10615
12739.27421
2045.354627
22284.4296
18391.89073
574.175553
3539.450107
5361.244099
20313.69622
9853.181146
3974.902306
23816.5843
23937.52823
1254.799041
18639.59898
19161.20861
17564.31949
22205.50829
15983.34396
22067.28443
23337.93867
18805.02348
18579.44346
12655.80663
18489.25463
9823.961447
8139.700214
14640.89643
8375.636055
12461.60477
2674.397211
12796.44656
8425.107831
16332.69025
7997.486858
8227.348889
6155.052094
7958.182876
1264.389124
20903.46062
20275.94815
13562.92878
1719.034626
18530.78676
9057.128844
18111.49972
8737.356435
6588.404375
1241.63302
10098.29862
14764.1459
3732.565597
211.533068
4687.603581
950.5336786
3844.654911
18227.72332
7173.544286
2680.827157
15854.58284
12869.13904
7470.595011
7524.909137
16791.50073
2147.447894
19657.91763
2339.936983
14149.43686
17331.25016
10370.92972
7793.472344
6232.800661
17589.3355
16427.32532
11314.77257
15425.62545
14415.75493
4142.92207
2974.250747
6522.589226
17758.47744
12003.41496
12406.64026
10863.39678
8805.331152
4063.386397
15660.39376
632.8144517
15472.66587
1452.442838
9435.070691
2429.341527
8375.812894
10179.28246
7681.141598
1121.846574
13774.55432
4385.188847
12820.29483
12756.25856
11531.43896
1610.276262
2027.796626
4255.583502
8895.619646
15490.90443
13356.02723
11730.71615
3241.383358
6096.065747
12376.56755
14949.27633
7147.290658
3370.711527
7755.398974
2690.542461
12871.54661
3172.162265
2088.920259
9258.808679
3158.806999
11980.09528
7719.976004
4225.602079
4887.479908
10484.164
10541.15192
10214.61418
13725.08899
11639.2657
2436.400814
4964.250215
4338.497749
9571.254644
938.2603411
7976.861945
10988.44294
4032.746469
8936.999228
10340.76696
9697.470083
6595.509892
2774.20443
8046.897066
2281.608681
5052.671872
8764.10795
11556.63785
3228.646029
933.53907
303.9550479
5283.340393
2476.297723
1270.616764
8542.540254
8472.735877
7170.238328
2062.662343
495.383394
8067.485045
6917.188594
4656.062044
5079.717193
4303.602109
2942.551504
8115.804239
2897.819572
7638.308356
8421.038354
3183.23492
8043.466904
5748.871914
5733.947865
125.0582811
2944.661011
8137.941324
3474.368229
727.1582668
3918.915454
6994.467892
2802.565216
1389.330556
1720.931878
4343.320191
2679.787734
7284.763279
3243.633171
3939.580412
6990.041184
264.1387824
6256.214383
6107.250196
1775.443166
3111.763814
2803.554722
4512.834173
5073.282415
4277.765784
4350.439833
2664.53934
4341.017669
1077.24957
3334.510194
4354.786735
3661.544917
301.6234306
2928.187765
874.8826962
907.571891
1313.759903
3937.983405
1820.131305
2545.359236
117.72504
2989.023935
1458.991731
2911.356616
466.7164302
278.2357325
2255.164802
2664.697832
1193.918216
280.2274022
1213.978406
1580.88287
1968.21633
2165.162943
285.3890419
1013.019418
1173.465486
35.99352848
1524.994089
173.2641221
988.4612758
257.4467624
1057.686168
58.4793739
828.8131186
23.1541436
226.6018117
270.9660947
250.4299425
249.0941132
137.1776102
59.47549542
