76797.57322
77762.13971
6948.324558
11156.62938
3937.983405
7405.389222
20313.69622
19213.53558
5625.696141
31606.65353
24010.08199
466.7164302
20986.67348
828.8131186
5857.198606
4007.308961
7475.967587
6129.215009
27530.85926
14814.52798
24897.36668
20554.01615
6256.214383
77476.47675
3501.188004
34697.51411
36135.70171
14854.93656
27875.22486
43758.6235
13498.19619
8873.416134
21718.22485
20064.55375
4341.017669
5339.016831
31597.79945
20748.50439
40931.28065
17645.70924
12516.49431
5786.17622
6522.589226
50389.91642
53725.54042
17434.96779
59270.07906
69442.46624
32866.76904
47475.51747
38831.55841
46974.27766
23806.08543
35.99352848
4887.479908
3158.806999
7147.290658
35966.96392
3357.72144
14640.89643
12112.53878
21549.76666
11344.21279
17331.25016
4683.103037
15800.11923
44138.5052
4255.583502
16886.68876
16527.7532
23055.00585
22067.28443
25658.76637
39880.19593
53412.41641
18973.55704
8794.417271
8186.420744
11314.77257
17604.07558
19161.20861
24471.34974
30227.00569
23816.5843
10619.19954
41918.38165
8458.856578
45861.85793
22314.94326
21185.95446
11556.63785
55104.35893
65399.75251
49227.11128
301.6234306
52080.86395
22769.34283
5859.362194
46838.83978
12406.64026
22642.16122
56114.88249
70543.89363
8442.045847
2094.013096
86551.24985
5182.547584
45944.53609
1077.24957
9697.470083
11681.69386
52349.69279
57775.57575
2281.608681
8958.689402
31654.82315
30799.11055
3228.646029
2636.421329
26183.42577
4343.320191
12461.60477
62090.98148
24583.44879
8043.466904
41485.28779
78667.17194
12137.96295
9571.254644
49770.16036
1270.616764
1370.803184
16404.71662
57112.57804
42926.69593
15472.66587
25066.06779
49351.24503
10599.32386
52008.29517
3420.849812
23703.33992
17861.11193
5052.671872
49472.58764
32566.15881
38985.16825
1193.918216
48041.47834
4032.746469
21048.62033
20287.79822
57105.99732
17436.92753
46643.88418
24116.54036
21789.8329
15425.62545
29782.63193
6595.509892
97091.46053
63421.76901
39028.37662
41656.27079
18489.25463
30136.96584
42666.10277
1241.63302
2556.164869
38567.26268
137.1776102
49327.96147
8229.989142
8139.700214
8764.10795
16282.17417
938.2603411
57127.95079
21307.17978
2679.787734
1452.442838
25898.62517
1716.728558
226.6018117
4571.877197
37966.52753
36171.02286
34204.10146
24180.90308
60645.68171
70626.88059
23096.3476
9275.376703
17091.15743
7483.264137
15282.96266
5073.282415
8805.331152
65308.20965
10098.29862
16574.56176
2023.097059
26447.1606
63006.62857
13688.19645
51212.03789
1820.131305
91386.55654
14100.09854
25891.83571
6130.31266
30783.65181
23916.16286
80729.70823
47253.41419
12656.34466
10634.15358
49394.61401
4018.479819
6544.504139
270.9660947
45482.76416
25817.48404
21877.71185
845.8650622
57642.19059
280.2274022
12569.39722
33164.34599
51828.36203
4385.188847
56801.40282
3143.380389
1213.978406
3844.654911
37425.86076
52903.86497
4277.765784
32738.22384
17692.10408
41036.57607
7368.545238
23660.60231
7456.361707
3939.580412
12756.25856
1343.580204
8248.768957
6232.800661
4991.238003
5316.219336
45628.9796
21893.70912
9793.322669
8156.569089
37406.35758
12342.24684
24804.60614
19155.53322
22874.05892
44044.76705
40809.78898
30309.90412
3624.7438
62118.53024
40181.21713
66855.84917
20275.94815
52597.63705
22284.4296
10370.92972
64164.62961
3703.270927
11663.13262
38881.49306
78698.27889
2949.858153
14933.85789
4214.139292
22844.64043
41220.68409
18529.0104
32914.21701
2774.20443
24720.96369
3819.55368
3474.368229
3388.209066
7314.894822
19094.17499
1968.21633
10006.81271
26038.50858
39236.11622
36383.92937
8737.356435
41262.99847
9149.779563
1761.312111
22905.97231
19145.86617
21089.90878
7793.472344
30406.29615
49920.31769
51717.02317
48369.00045
22537.71987
12655.80663
14830.75175
3183.23492
4600.28985
29994.83476
1812.420026
49990.64695
89932.98141
20822.87283
58647.59377
53997.87533
37043.49107
20796.06637
12879.23542
24240.39943
59351.78331
2103.54731
2928.187765
68187.2566
54021.45601
3214.881282
1446.230619
5838.987388
9788.777969
88317.39606
574.175553
14949.27633
38399.05033
2045.354627
7997.486858
12513.94372
16964.06952
33046.87364
38108.16665
4354.786735
22150.21465
38024.76956
17823.67127
42774.83531
2897.819572
14057.45926
7958.182876
54734.92007
51196.53846
34208.47324
60399.86832
1580.88287
9258.808679
58304.69258
29284.49715
27899.16337
18805.02348
2690.542461
78363.7654
2674.397211
15671.03214
30415.30468
888.541025
43585.0131
2545.359236
9853.181146
9057.128844
12497.79869
34616.82774
96034.78744
5984.760101
39494.99619
1013.019418
278.2357325
63727.82008
11531.43896
11449.45569
11157.98141
5733.947865
18813.152
64947.25016
874.8826962
1389.330556
249.0941132
30025.02612
21549.02587
21031.82456
7638.308356
84650.75116
2802.565216
907.571891
8067.485045
18778.34195
1610.276262
44215.54537
11473.75968
10214.61418
22914.61102
64688.78659
10684.04308
44526.77882
70589.48616
7470.595011
63521.10592
61899.81166
17641.58962
17826.38201
11495.43481
2944.661011
30695.39564
57134.00912
94050.66064
48328.57106
42193.87209
22205.50829
19096.87469
3191.542365
50634.32835
117.72504
494.2457047
2476.297723
44073.13702
6593.09228
12376.56755
11493.07177
33901.56025
257.4467624
37618.13309
47937.07865
4063.386397
30326.19082
61091.49002
1121.846574
27166.58899
34394.50157
7998.053783
22965.73912
34351.38609
56111.31306
14508.96291
69950.09214
2062.662343
28617.71857
78067.8681
72143.19863
10933.46428
7064.508762
25822.1701
13562.92878
71661.88769
35455.48958
35536.46003
18579.44346
8187.672903
76444.51343
17589.3355
67637.51762
38023.44492
23966.81256
59603.09902
2165.162943
16991.886
29436.69757
36574.46105
84386.86885
15983.34396
6917.188594
27444.83468
23102.39301
10959.75477
988.4612758
1775.443166
8227.348889
21914.93236
727.1582668
82926.09481
85921.03262
64785.35292
60281.50684
27686.51571
53492.01161
572.3094528
18732.79577
18530.78676
10179.28246
8616.1882
11911.61583
23225.98682
4656.062044
3918.915454
1264.389124
50648.0469
28152.59162
921.574979
33006.0265
8375.636055
26066.47188
5748.871914
14764.1459
21918.89749
44635.1857
21683.6381
25263.48319
23937.52823
13725.08899
86886.15973
45753.84257
28536.76007
24253.86915
14190.06792
36949.66928
17758.47744
941.6745826
14843.06644
49539.74437
3172.162265
44516.48674
42214.42542
8878.965665
13212.92027
16427.32532
13356.02723
38863.28486
22955.76921
7173.544286
48532.43377
35545.21356
1042.53124
72779.66632
439.6242195
14415.75493
18227.72332
49745.06322
85376.96093
2274.538106
59.47549542
3215.170772
55270.28157
19328.24262
7210.296429
5949.834718
15660.39376
39480.84272
3334.510194
1073.111772
22649.1899
52971.02569
35884.11782
6096.065747
73724.87823
23850.7024
13945.37851
1467.377423
18391.89073
8914.169892
17411.9685
264.1387824
10896.45399
3370.711527
16225.72879
48872.17482
55481.06602
3732.565597
36825.52867
12997.74999
65867.50552
38670.06469
1720.931878
19468.04729
1458.991731
22855.92717
30884.86018
3539.450107
18639.59898
8119.637289
6155.052094
89671.28681
34131.91176
50075.17339
25618.23978
14299.20053
8542.540254
45513.2881
64162.17363
23280.28511
37148.75066
8574.557579
46205.06609
7524.909137
33836.48081
36893.85765
5037.004288
39589.36821
33149.63847
5682.211711
76130.22798
5257.677663
38318.06895
25570.12681
27145.88736
933.53907
66785.01694
54431.97977
8259.207006
21539.75788
18137.77679
7284.763279
8000.773258
22950.99116
8375.812894
1254.799041
28265.00226
13281.64743
303.9550479
84991.14158
23225.69515
64343.35467
27168.83125
13085.52675
89810.72724
47664.00877
15540.93688
26738.57173
2088.920259
40277.40618
24882.36812
16968.80034
26102.1437
6352.4204
3462.775286
40305.80038
4142.92207
8936.999228
86790.40357
2766.97224
10441.07332
62171.01893
56155.0178
34746.83359
10988.44294
52875.85721
9306.947679
78396.35855
23664.40082
46538.9739
71075.32383
40384.19643
2339.936983
59551.39693
93554.1694
38928.24086
4360.987633
41792.03642
15023.85161
21361.83971
46253.81874
3111.763814
72030.01097
45014.42068
69973.03722
24502.3602
5353.977498
1173.465486
4471.24312
11029.0152
43318.33258
17291.00175
37020.12766
63691.76839
28601.61013
11300.48697
1057.686168
8472.735877
2027.796626
27902.99565
14065.14072
58428.28673
43792.97048
574.4849382
59351.16815
9023.61537
14932.26019
34416.73631
39500.28576
26575.85189
2429.341527
7681.141598
3123.253495
17902.54434
55556.62382
24026.78448
8895.619646
40367.66101
995.0153546
60802.08635
16419.2051
17916.6938
20361.69764
40939.30701
7719.976004
29251.61382
4367.030639
23799.85
3243.633171
14291.91022
4225.602079
41857.29077
26009.28107
19275.79904
25042.98261
16782.10952
37384.72399
22622.66431
4749.470206
18103.68557
6588.404375
9914.167036
23337.93867
16791.50073
10761.97734
25183.89625
45137.7729
11730.71615
39237.136
15854.58284
211.533068
632.8144517
43124.3609
51011.03113
41807.9856
60895.22065
30517.20773
19383.57644
38484.11438
52534.47316
66724.32093
12871.54661
11588.60869
43710.61965
23956.67122
4964.250215
32744.01466
24683.82162
70196.27781
2680.827157
2892.188214
21317.65446
27266.60555
14149.43686
6817.47843
20176.20438
1313.759903
12739.27421
56247.25935
19091.58641
7674.784253
56705.60107
12108.87454
21301.92173
87446.81803
4881.588562
10863.39678
98121.26816
69268.72761
20758.47092
91503.52703
37782.75965
11063.14519
7249.460678
31465.14182
5249.078429
2942.551504
26740.16606
63531.1635
27493.85876
18007.15141
2974.250747
46457.4041
9497.51248
12869.13904
52715.9866
11639.2657
50813.24123
12003.41496
6353.919718
35191.39379
12796.44656
21459.03562
63582.45912
37959.76314
44956.487
4350.439833
7853.377579
24700.04595
20451.83865
6107.250196
1524.994089
4512.834173
18846.65883
25783.90674
2803.554722
58.4793739
46689.40823
16382.4412
4091.911459
10340.76696
31948.38917
8421.038354
34014.18806
22358.48734
33820.03313
73382.58554
173.2641221
33526.14247
8233.790808
67603.47637
7976.861945
37513.50353
4014.103292
11699.9113
61431.94773
80213.29986
30985.42035
5784.140564
2147.447894
45206.27218
13431.55752
10007.07181
63499.98373
46559.5383
125.0582811
25300.80263
62550.45252
2255.164802
12152.17347
4687.603581
7058.647966
40474.71495
1620.742119
49290.39983
19992.49902
15748.50623
950.5336786
37119.90428
12047.73044
22254.76068
28695.2589
37649.08647
57271.91747
2239.557927
8492.302122
20521.05518
495.383394
21094.76155
23109.42093
13937.02458
8425.107831
59890.68359
26390.09376
57144.76311
42650.41896
8046.897066
4251.803895
15605.61184
68960.85936
53615.85581
58940.17012
24901.95855
81856.83044
35931.59353
17564.31949
37644.03133
47476.17621
26064.61455
23855.42222
29703.8197
42540.08598
2664.697832
8676.403777
250.4299425
6990.041184
33913.9828
20198.70562
17074.66302
13774.55432
16214.77894
18045.99725
19150.502
3661.544917
54139.49149
4303.602109
33777.98779
23186.10615
8137.941324
25025.22483
2436.400814
59760.0204
54498.82766
3241.383358
12948.81837
30071.57052
2989.023935
34227.99277
12820.29483
56374.62599
23262.34494
24661.9217
34544.22068
64850.31946
18602.02089
6994.467892
76644.84597
13508.18744
5079.717193
1216.4237
20169.16559
10702.80304
19929.8637
70295.85507
19539.89012
39342.37943
993.9649103
47492.74909
24044.88813
31788.49016
10484.164
6528.798547
7170.238328
29265.56798
5938.576988
28417.286
59670.42391
74294.26953
28021.0072
47105.87332
56789.00831
20903.46062
11128.61353
16543.53293
49380.01432
18136.26797
10541.15192
22478.608
31038.62975
30373.79628
33191.25792
17349.77644
65015.2109
42195.41897
37688.17067
49153.09691
7918.501155
16327.79759
15490.90443
285.3890419
26749.29149
8033.949241
13795.12235
59724.41389
49279.63749
2664.53934
5283.340393
16332.69025
64580.75138
22005.59992
37293.1222
31981.7571
33362.27065
34570.34202
39428.34239
18588.69692
29751.99309
7120.075245
2911.356616
4978.262252
21805.72817
3639.489777
16558.35449
80158.37764
26607.68281
26685.57736
13936.33241
36652.10527
11980.09528
9435.070691
18111.49972
51460.3168
16887.42363
4338.497749
8115.804239
46968.78195
19657.91763
19640.21387
5187.526209
3294.487013
23584.9558
8632.713682
18072.29349
8530.063241
70023.70247
5361.244099
7755.398974
48682.52332
15564.71323
41102.67858
9823.961447
3974.902306
32498.2616
27963.20857
17000.27317
29624.71689
23.1541436
1719.034626
53670.46676
5269.940596
31155.45545
58239.38841
612.9129923
5082.353291
29831.76378
8451.386089
