8332.478796
2802.934777
967.9164284
3848.155696
4918.968668
11074.18248
2337.086404
10239.55412
13214.80923
6335.945851
4629.761232
1715.775943
1832.765697
1264.392338
20362.56341
7685.83845
11854.76257
9302.002189
271.6080696
602.3685744
11287.89797
9199.608123
3251.808229
8352.988041
7643.974033
20448.92181
21304.8835
4012.413712
14759.04202
23.0833901
462.0141777
3117.510324
1231.050241
18235.70768
336.5678809
316.5127141
11817.29034
643.5682957
20957.29148
4939.48847
2593.989755
16792.95315
23.08696556
12030.25674
11700.84989
20112.54626
17621.2663
2445.083627
904.0645426
1592.473091
3771.514632
5355.045224
3989.966875
17132.68067
8058.285777
8886.386955
2666.947631
1255.866949
12261.52305
26662.20829
4176.917994
3276.738228
1709.820373
2371.310342
7526.933787
6630.208834
2493.221929
7656.035559
3281.660283
724.2493912
2227.605043
4273.540027
1823.188241
925.2423763
3470.321016
8886.607923
8730.285742
11276.00703
1188.228873
5717.992393
2983.146382
20431.82896
13598.0827
17273.16853
4031.947215
11758.70661
2667.800468
882.4468433
571.3589314
21545.41728
5500.117077
7932.307277
19810.77676
6478.59318
60.18385832
6147.990335
14175.97964
11600.38128
9758.324845
1821.6137
1947.443094
4139.292305
83.22994859
16100.77425
23838.01612
3371.512783
8995.873083
24728.90117
1094.352569
10482.0771
6816.649488
10673.21536
8749.785495
3626.605927
24668.50192
29536.85854
5272.081196
22986.4601
22116.29709
2323.200911
9776.261739
39.51815358
12526.89558
4043.316812
19008.25891
3220.026958
21666.1331
1081.916358
7365.661545
21803.58897
6114.888908
24902.65823
12612.38282
3833.067757
1560.602005
20739.60546
7930.522664
2955.456305
7488.205946
29353.86643
216.0346585
2076.904284
12953.64158
7953.801154
4907.966752
2936.65197
1999.935325
14973.93946
8278.796124
22348.69591
1245.004091
265.3612091
8119.764625
2054.185123
26630.57516
20610.66518
465.1492893
1639.675329
14935.88744
15694.26066
8218.456983
2032.216064
7974.468128
12675.97583
1499.484547
20026.02887
3199.385703
774.7674393
3301.685769
19954.27301
7127.868816
770.6368187
3033.61224
1895.558818
11157.13277
23861.03243
21510.34963
10053.26178
3492.456159
7834.575256
4250.996427
10092.32309
14988.68724
8616.735522
72.72460038
3472.119985
255.0127391
5920.896965
11706.98252
14.43133938
1648.626419
1136.694333
2993.45756
2976.586636
3982.318743
13500.24165
8838.917933
1215.165404
6538.830583
6211.664271
3898.847744
18645.97862
8770.826404
7830.238788
9146.168529
1235.563009
2806.069183
9105.930655
657.1992411
11610.76208
3485.406548
2243.16865
11759.12674
3600.386841
7144.959595
9520.682068
10040.4703
18035.23821
277.2490644
2512.045256
10725.87069
2495.076032
26397.5552
11695.60163
2006.527674
14758.60304
11579.92135
18956.09825
291.7932349
5738.502107
8079.372079
9294.179995
13068.64844
8750.783375
17791.67888
667.3062311
7599.30641
743.2166429
14171.48089
4517.556159
13030.13081
2827.235864
3732.187161
17937.57275
4915.273518
18954.26523
16688.07046
6904.96336
7504.030853
919.7885951
9830.987832
1558.125527
9599.371177
6502.292947
8739.348114
13126.98085
10910.20116
13410.19015
20980.15004
2418.168664
658.622369
3763.922607
8615.556667
11304.19778
21980.83797
10043.47397
15471.94701
12208.86422
3158.523081
5998.940842
25797.52056
1450.769855
10059.21159
17564.4633
13898.91892
15376.00906
19904.566
8696.345668
8535.839824
2640.469396
5143.754722
2201.471241
18081.72898
23278.08719
14687.08034
10433.16639
6859.960545
16666.86679
2746.939556
7628.891744
6438.965244
9245.427991
11358.65914
17649.46864
7747.915142
5888.255013
939.7363177
1360.036516
1679.104516
6554.51179
2612.65772
5523.368927
18472.05967
2761.27304
10262.5162
5757.32683
9174.313605
14923.65936
3063.540516
9228.632622
16043.0286
1097.971766
5543.501423
1710.174655
23505.58978
1011.682642
4836.272663
19385.61397
5448.610437
4473.286621
369.736575
3205.642838
4553.146835
25603.98827
20744.59162
22009.09832
1849.723101
5227.007508
2605.295914
465.6533038
5245.432616
23107.53558
2130.291305
1830.221471
16455.40122
22243.2357
4301.684657
24085.69138
14771.84699
4095.696507
3837.515451
1901.241851
12021.84753
14530.35299
331.4862028
2028.62205
1694.530172
1421.698784
26574.04677
16662.27484
2853.727068
20762.08252
13903.63285
12733.70902
7886.47544
21649.42012
272.6901716
19741.3491
9755.280987
2275.330937
14541.85735
7529.883738
10837.34214
4210.026571
530.2918375
1869.307643
2422.220805
8564.853246
23901.80151
1318.225082
13460.60511
5817.166455
7298.42386
19819.05256
24774.44034
19860.38329
3758.189732
2998.634424
8736.977005
6084.998551
8764.616057
8483.153714
16425.68556
18781.41615
4224.113339
17499.68219
20134.87893
22859.45878
1077.709043
11889.16273
21545.19875
17766.53039
11809.52442
10021.30192
1042.956117
3687.454935
6668.131417
2658.982298
1187.067407
8857.962825
8613.439952
29075.19599
5828.671912
1844.351123
5590.226504
10218.23539
4424.545973
911.0671644
997.4167046
710.2742674
7403.093592
26695.67624
18615.20802
3704.366778
5727.05612
24290.83364
1500.054866
5883.447382
2036.6937
5339.581701
3784.476323
13913.53278
11241.41663
21566.02723
4966.692416
28.02044958
15175.01246
16833.8051
1695.523678
1969.35199
15636.70322
5423.783779
12520.35882
1699.192297
2550.105584
1181.237171
18459.98875
17596.40196
474.2061299
14737.55091
2278.248715
468.0717812
4978.836534
10114.02948
5048.503891
2262.363204
23461.34873
15146.32833
591.364132
2617.560701
28.08769358
20369.51399
366.7446116
4651.047551
5235.237805
4368.33367
13421.70085
25693.55007
13032.32774
1482.923984
8376.133861
6928.148721
7891.384185
9811.497907
3549.507917
14913.49238
2492.644608
2790.475409
3606.02533
21649.48636
1276.891548
1952.817225
9216.483907
6306.308381
17170.03666
3729.046857
598.2515943
22453.59175
9515.056246
11004.52711
19503.79376
569.4905302
1476.621782
3498.432866
452.5994506
6589.539575
8172.904553
21878.66308
773.5559521
11770.07667
24240.8613
1670.64962
7809.891704
1091.486584
13219.4291
2736.333245
2480.303138
23380.68918
14199.84468
906.4317229
7145.731045
20769.43098
12210.63582
3026.447312
18157.47267
2076.359292
12302.56215
55.87211665
9304.329701
21937.46895
13291.6775
3742.265324
1851.561334
10060.4494
277.6651027
363.6764661
22815.46965
16956.16803
1886.249103
2964.381204
2782.92114
3772.812506
1059.704204
8793.604012
11166.83555
2514.261516
19777.22902
7527.517199
3955.6521
2308.385986
7620.956498
1693.896449
23386.89396
25180.96426
573.0079363
13298.41111
1041.576979
19884.40128
1995.844897
18517.67048
3461.043234
11703.41993
10769.05066
8845.713849
19658.99558
20556.45633
22356.49879
8950.676378
9143.80627
22298.51542
975.5200509
9662.048763
7896.463437
4915.509592
938.7624015
4711.456728
2885.592903
1945.157309
7707.968522
1819.288529
865.4262155
4057.677325
3516.369717
2698.938311
874.2532996
10712.86411
3062.20322
19341.23176
2845.457718
8264.988286
8738.827956
1511.626346
25482.40837
9960.295877
1554.951357
13571.96939
2442.54153
17758.04142
7408.977948
10606.484
848.6277236
8519.246226
243.5941291
6182.864777
1013.988725
13447.89174
2559.015608
9385.467138
11536.72465
13834.89543
6796.71885
17060.605
2222.14307
2580.087666
6134.099242
7280.243882
1216.439457
11937.91345
14052.88976
7525.994993
407.5503182
16205.41265
17093.75542
719.7674173
3090.670642
8295.503565
5101.016777
17368.25873
7696.248996
11164.1167
3165.45722
10753.80343
2475.694443
1293.218323
17428.75851
6859.811025
2854.699434
4913.370838
20801.87133
1925.685438
1991.477249
240.6615347
10722.02634
8763.114706
26045.86719
9118.379159
20216.57635
20981.35579
1340.608743
5330.983099
2705.078354
19067.63322
1714.698321
9732.44741
8505.749044
1557.926253
5520.576369
4607.217796
4248.289478
13341.33996
10897.77428
8854.48826
1803.956028
12383.02217
5703.76544
14575.89666
9034.202924
2114.615655
5842.656671
4659.387508
10967.76804
9763.423401
12938.82728
3848.664404
5997.1635
3953.329277
236.645986
9402.841774
14319.32884
14195.90171
18911.60049
16193.56697
24477.63204
14109.09429
3616.583472
17193.53625
16.90772614
13844.48517
10252.80829
8074.425806
23958.0011
8760.110668
12332.05627
926.9303667
1518.807102
18809.32412
13864.09186
6358.707278
21288.14383
2867.939354
9923.379395
11314.44418
27960.18785
4263.279527
8709.550676
6968.711093
2656.865579
12093.04989
10915.22423
1315.694655
2641.039171
3779.753204
97.95446618
9189.134804
3869.668867
18101.37578
18578.61363
125.4450841
14455.79005
2295.942351
24951.72564
8641.706299
12503.32673
22702.243
14856.07496
534.8197333
4959.137662
1332.920052
12994.00087
10449.33375
6707.441631
1551.510279
1150.89086
5262.230277
2991.224505
12141.84906
20372.49012
5241.337093
7347.579689
407.7218456
13761.96156
10235.1818
1868.398228
18251.83787
16822.27545
15869.44999
3298.732391
4146.652339
13877.14
2971.007299
2207.232671
2940.471098
10088.63525
20023.41035
13442.57368
2143.491625
11153.4365
16733.15153
19841.43188
7104.142185
2017.018998
4825.796465
21949.27948
23458.87865
8715.848405
25769.1995
4798.068105
23298.98592
1677.882716
5314.568811
20370.657
15123.74733
17536.35176
8363.037506
2546.026928
2375.800037
13913.06522
23164.92599
15186.92607
7931.991879
17901.81904
6897.81546
14997.29092
5212.539112
9351.609804
2928.80426
14310.78158
11905.44768
15363.43437
473.3478324
7498.044221
4789.829206
3085.1288
14745.10312
8244.071983
23200.12782
8917.903432
6539.045099
8300.119358
14072.26996
5170.875241
12226.11518
19222.43917
1578.325342
4132.74109
1692.699962
2075.674159
4620.120619
21789.18047
1619.867438
17705.15174
13125.58621
1422.342846
24568.08127
18829.29677
2620.486916
5108.862375
1618.625212
4968.501711
7999.392473
1784.75109
9689.313149
16.91956572
372.5299719
2220.380743
14650.65368
986.6464432
9940.03688
10535.08038
4821.767614
691.3045779
13545.53914
9854.958737
13880.15069
4264.535884
8856.260071
8904.060528
4298.408366
18474.51632
8268.111038
882.7405024
28502.63774
1860.29878
6371.081189
5352.21025
1604.280119
4284.041384
3336.457338
635.866549
899.2697556
5185.647872
14522.87898
9652.360139
2985.407201
17405.04139
1081.415866
102.7275607
7064.735072
6611.722433
4220.116205
9381.547727
2041.164856
2410.666256
5762.956753
23239.98232
3490.862283
12658.79901
12641.56186
2336.91145
573.7837039
6214.433902
5763.819255
231.8107897
517.7548517
8693.651178
9906.322643
11266.95994
11038.35676
4204.203528
22513.40948
8992.471736
13831.86198
14186.61577
20118.63305
4185.776305
13045.67579
8559.063506
9401.135912
8972.777493
4928.291969
2022.791155
5305.858998
8924.466013
6113.697091
9526.932488
20315.12027
5405.648841
3576.968023
890.3310072
2171.273149
21165.92831
205.926093
856.1071793
733.3314839
3228.945695
615.3967428
2208.933703
5783.374332
14109.21607
9278.680615
12518.04151
591.8833306
960.0338128
1344.485655
17852.83916
2.770255888
3814.813157
15702.39464
2003.681655
19888.98406
13335.32172
859.0502962
14306.66475
13072.21337
3928.194598
7134.093566
3399.746177
1819.861896
17408.82008
3744.247729
2965.392453
835.1850336
7226.666569
11685.69249
2478.955365
14566.79267
8247.630365
13705.91519
4191.388547
11462.02315
16243.96889
3500.651234
2739.560742
5155.778511
9212.051887
18612.93455
8823.995683
5367.012429
1017.603702
5361.503669
1271.257162
10620.52188
20340.78862
4754.205728
12867.8361
7855.805346
17837.83659
5447.894864
2390.816836
5938.084426
2214.155565
18211.23428
20379.79596
9997.036554
6714.460906
133.9935724
15433.54566
20486.3483
3731.7765
4911.101081
6724.793385
1014.55782
29843.84726
3465.044553
190.5578757
4355.632486
3890.09713
6933.248108
5172.368946
3299.398787
2259.024115
678.21102
3389.735896
1224.670743
5178.167294
16118.46481
7313.680218
18086.07443
4637.774003
16621.51545
967.7585678
17001.56786
3922.419063
2850.603923
424.2211636
597.6575933
13683.76896
23660.90948
3992.346458
1895.730776
2987.614706
4204.493512
15836.07506
7400.37414
16474.26946
4846.629506
14151.34375
19317.00633
6551.099737
1200.366673
21878.15449
5874.619595
10161.62468
10809.73909
19637.63919
8664.414209
14062.05946
12000.12437
2727.617352
7014.066128
989.6659545
846.860432
5340.451516
1802.641572
10170.80215
3017.985379
2900.194617
3093.806114
5289.371637
23744.88144
22009.24663
10163.38216
2815.168693
4141.815848
20801.25333
19756.66186
10632.96934
5643.41717
2514.546206
4821.673399
1733.47164
13772.72974
3706.267394
1406.327856
