10239.55412
18235.70768
26662.20829
1709.820373
13598.0827
21545.41728
5500.117077
24728.90117
24668.50192
29536.85854
22986.4601
19008.25891
21803.58897
29353.86643
22348.69591
8119.764625
26630.57516
20610.66518
20026.02887
21510.34963
14988.68724
6211.664271
18035.23821
26397.5552
14171.48089
21980.83797
13898.91892
2201.471241
14687.08034
1679.104516
3205.642838
25603.98827
16455.40122
14530.35299
2028.62205
19741.3491
23901.80151
6084.998551
29075.19599
24290.83364
12520.35882
15146.32833
25693.55007
3549.507917
24240.8613
13291.6775
3742.265324
19777.22902
1041.576979
9960.295877
7525.994993
26045.86719
20981.35579
14195.90171
24477.63204
14109.09429
21288.14383
27960.18785
18578.61363
24951.72564
2207.232671
16733.15153
21949.27948
15123.74733
15186.92607
17901.81904
11905.44768
3085.1288
8917.903432
18829.29677
28502.63774
899.2697556
14522.87898
4220.116205
22513.40948
4928.291969
12518.04151
3399.746177
2478.955365
29843.84726
13683.76896
1200.366673
19637.63919
3093.806114
22009.24663
20801.25333
5643.41717
11074.18248
8352.988041
643.5682957
2593.989755
8058.285777
19810.77676
16100.77425
23838.01612
8995.873083
5272.081196
9776.261739
21666.1331
24902.65823
8278.796124
1639.675329
14935.88744
23861.03243
72.72460038
13500.24165
18645.97862
7830.238788
10040.4703
14758.60304
16688.07046
25797.52056
9245.427991
5523.368927
22009.09832
23107.53558
1830.221471
24085.69138
14771.84699
26574.04677
20762.08252
13903.63285
21649.42012
19819.05256
24774.44034
18781.41615
20134.87893
21545.19875
11809.52442
3687.454935
8857.962825
26695.67624
18615.20802
5339.581701
21566.02723
15175.01246
15636.70322
13032.32774
9811.497907
22453.59175
3498.432866
11770.07667
13219.4291
23380.68918
12302.56215
22815.46965
25180.96426
19884.40128
4057.677325
3516.369717
25482.40837
7408.977948
17060.605
3090.670642
17428.75851
10722.02634
5330.983099
13341.33996
18911.60049
17193.53625
12093.04989
534.8197333
18251.83787
4825.796465
23458.87865
25769.1995
20370.657
2375.800037
14745.10312
23200.12782
6539.045099
17705.15174
24568.08127
5352.21025
3490.862283
6214.433902
11266.95994
8992.471736
20118.63305
13045.67579
6113.697091
20315.12027
3576.968023
14109.21607
9278.680615
19888.98406
13072.21337
3928.194598
17408.82008
13705.91519
17837.83659
20379.79596
15433.54566
6724.793385
1014.55782
23660.90948
19317.00633
21878.15449
846.860432
3017.985379
23744.88144
967.9164284
4918.968668
11287.89797
20448.92181
21304.8835
16792.95315
12030.25674
6630.208834
2227.605043
2983.146382
3371.512783
10673.21536
22116.29709
14973.93946
15694.26066
774.7674393
19954.27301
7834.575256
3898.847744
8770.826404
9146.168529
9105.930655
13030.13081
17937.57275
18954.26523
9830.987832
20980.15004
19904.566
18081.72898
23278.08719
18472.05967
14923.65936
23505.58978
22243.2357
12021.84753
16662.27484
14541.85735
19860.38329
17499.68219
22859.45878
17766.53039
997.4167046
16833.8051
18459.98875
23461.34873
4651.047551
21649.48636
6306.308381
19503.79376
6589.539575
21878.66308
2480.303138
18157.47267
21937.46895
1693.896449
23386.89396
11703.41993
20556.45633
22356.49879
22298.51542
4915.509592
2698.938311
17758.04142
2559.015608
11937.91345
14052.88976
17368.25873
4913.370838
20801.87133
20216.57635
14575.89666
14319.32884
8074.425806
23958.0011
926.9303667
22702.243
14856.07496
12994.00087
20372.49012
13761.96156
13877.14
20023.41035
13442.57368
23298.98592
23164.92599
19222.43917
21789.18047
372.5299719
4821.767614
18474.51632
17405.04139
23239.98232
573.7837039
4204.203528
8559.063506
9401.135912
21165.92831
17852.83916
14306.66475
14566.79267
8247.630365
16243.96889
18086.07443
15836.07506
16474.26946
14151.34375
2815.168693
10632.96934
8332.478796
20362.56341
9302.002189
9199.608123
20957.29148
20112.54626
2666.947631
12261.52305
3276.738228
7656.035559
20431.82896
17273.16853
6147.990335
11600.38128
10482.0771
20739.60546
1895.558818
2806.069183
10725.87069
11695.60163
18956.09825
9294.179995
13068.64844
7599.30641
9599.371177
8739.348114
10910.20116
13410.19015
8615.556667
2640.469396
10433.16639
16666.86679
17649.46864
6554.51179
5757.32683
9228.632622
19385.61397
4473.286621
20744.59162
331.4862028
12733.70902
10837.34214
2422.220805
1318.225082
16425.68556
1077.709043
2658.982298
5727.05612
5883.447382
1695.523678
14737.55091
4978.836534
20369.51399
5235.237805
8376.133861
17170.03666
20769.43098
2514.261516
18517.67048
10769.05066
19658.99558
9143.80627
10712.86411
19341.23176
8738.827956
243.5941291
1216.439457
16205.41265
17093.75542
1925.685438
19067.63322
10897.77428
1803.956028
12383.02217
10967.76804
18809.32412
6358.707278
6968.711093
18101.37578
16822.27545
15869.44999
11153.4365
19841.43188
4798.068105
13913.06522
9351.609804
15363.43437
8244.071983
5108.862375
14650.65368
9940.03688
3336.457338
12641.56186
11038.35676
13831.86198
14186.61577
5783.374332
13335.32172
18612.93455
10620.52188
20340.78862
18211.23428
20486.3483
190.5578757
7313.680218
17001.56786
3922.419063
1895.730776
14062.05946
4141.815848
19756.66186
17621.2663
17132.68067
4273.540027
3470.321016
11276.00703
14175.97964
1094.352569
7365.661545
12953.64158
7953.801154
12675.97583
4250.996427
2976.586636
3982.318743
8838.917933
11610.76208
8750.783375
17791.67888
7504.030853
919.7885951
10043.47397
15471.94701
5998.940842
17564.4633
15376.00906
6859.960545
5888.255013
16043.0286
369.736575
1901.241851
1421.698784
5817.166455
10021.30192
10218.23539
4424.545973
17596.40196
5048.503891
366.7446116
13421.70085
6928.148721
7891.384185
1952.817225
9216.483907
11004.52711
8172.904553
7145.731045
10060.4494
16956.16803
1059.704204
7620.956498
573.0079363
8845.713849
13571.96939
6182.864777
13447.89174
11164.1167
10753.80343
3953.329277
16193.56697
3616.583472
12332.05627
2656.865579
9189.134804
14455.79005
12503.32673
12141.84906
5314.568811
17536.35176
14997.29092
14310.78158
12226.11518
13125.58621
10535.08038
691.3045779
9854.958737
13880.15069
8856.260071
4298.408366
8268.111038
4284.041384
12658.79901
9906.322643
5405.648841
591.8833306
15702.39464
9212.051887
12867.8361
5938.084426
16118.46481
16621.51545
7400.37414
10809.73909
13214.80923
11854.76257
3251.808229
14759.04202
316.5127141
8886.386955
8730.285742
5717.992393
7932.307277
1821.6137
4139.292305
8749.785495
39.51815358
12526.89558
12612.38282
1999.935325
11157.13277
10053.26178
3485.406548
11759.12674
11579.92135
6502.292947
13126.98085
658.622369
12208.86422
7628.891744
6438.965244
11358.65914
9174.313605
5227.007508
13460.60511
1844.351123
710.2742674
13913.53278
1699.192297
10114.02948
14913.49238
14199.84468
12210.63582
3955.6521
13298.41111
9662.048763
8264.988286
8519.246226
9385.467138
11536.72465
13834.89543
8295.503565
8763.114706
1714.698321
9732.44741
4607.217796
8854.48826
9763.423401
12938.82728
13844.48517
13864.09186
9923.379395
11314.44418
7347.579689
10088.63525
14072.26996
5170.875241
1784.75109
13545.53914
6371.081189
9652.360139
5763.819255
5305.858998
3228.945695
2003.681655
7134.093566
11685.69249
11462.02315
3500.651234
5367.012429
1017.603702
9997.036554
133.9935724
4911.101081
3465.044553
3890.09713
678.21102
12000.12437
10170.80215
1733.47164
13772.72974
2802.934777
6335.945851
7685.83845
11817.29034
11700.84989
3989.966875
8886.607923
11758.70661
9758.324845
2323.200911
3301.685769
3033.61224
10092.32309
11706.98252
657.1992411
7144.959595
9520.682068
2495.076032
4517.556159
3732.187161
2418.168664
11304.19778
10059.21159
5143.754722
10262.5162
5543.501423
5245.432616
2130.291305
2853.727068
7886.47544
272.6901716
9755.280987
2275.330937
7529.883738
7298.42386
2998.634424
8483.153714
4224.113339
11889.16273
6668.131417
8613.439952
911.0671644
3784.476323
11241.41663
468.0717812
4368.33367
598.2515943
9515.056246
2736.333245
3026.447312
9304.329701
1851.561334
363.6764661
2782.92114
8793.604012
11166.83555
7896.463437
4711.456728
10606.484
6134.099242
5101.016777
7696.248996
3165.45722
6859.811025
9118.379159
9034.202924
236.645986
9402.841774
10252.80829
2867.939354
8709.550676
10915.22423
125.4450841
10449.33375
6707.441631
10235.1818
3298.732391
4146.652339
5212.539112
2928.80426
9689.313149
4264.535884
8904.060528
5185.647872
7064.735072
9381.547727
2041.164856
231.8107897
8693.651178
8972.777493
9526.932488
1344.485655
3814.813157
2739.560742
5155.778511
4754.205728
6714.460906
6933.248108
3299.398787
3389.735896
2987.614706
4204.493512
10161.62468
8664.414209
5289.371637
10163.38216
4821.673399
2337.086404
4629.761232
1832.765697
602.3685744
7643.974033
4939.48847
4176.917994
7526.933787
2493.221929
3281.660283
724.2493912
6478.59318
6816.649488
4043.316812
6114.888908
3833.067757
7930.522664
7488.205946
2076.904284
8218.456983
7974.468128
3199.385703
7127.868816
8616.735522
5920.896965
6538.830583
5738.502107
8079.372079
2827.235864
6904.96336
3763.922607
8696.345668
8535.839824
7747.915142
1097.971766
5448.610437
4553.146835
4095.696507
3837.515451
530.2918375
1869.307643
8564.853246
8736.977005
8764.616057
1042.956117
5590.226504
7403.093592
1500.054866
4966.692416
5423.783779
1276.891548
3729.046857
1476.621782
773.5559521
7809.891704
277.6651027
3772.812506
7527.517199
1995.844897
8950.676378
938.7624015
7707.968522
1819.288529
6796.71885
7280.243882
1293.218323
2854.699434
8505.749044
5703.76544
2114.615655
4659.387508
8760.110668
8641.706299
1551.510279
1150.89086
2940.471098
2143.491625
7104.142185
8715.848405
8363.037506
7931.991879
6897.81546
7498.044221
8300.119358
4132.74109
7999.392473
16.91956572
2220.380743
102.7275607
6611.722433
2336.91145
4185.776305
8924.466013
890.3310072
960.0338128
7226.666569
8823.995683
5361.503669
7855.805346
4355.632486
5172.368946
5178.167294
4637.774003
3992.346458
4846.629506
6551.099737
7014.066128
5340.451516
1406.327856
3848.155696
1264.392338
4012.413712
462.0141777
3117.510324
336.5678809
3771.514632
5355.045224
4031.947215
2667.800468
60.18385832
1947.443094
3626.605927
3220.026958
2955.456305
4907.966752
1245.004091
3492.456159
3472.119985
255.0127391
1648.626419
2993.45756
1235.563009
3600.386841
2512.045256
743.2166429
4915.273518
3158.523081
1450.769855
2761.27304
3063.540516
1710.174655
4836.272663
4301.684657
4210.026571
3758.189732
5828.671912
3704.366778
2036.6937
1969.35199
2550.105584
2278.248715
28.08769358
3606.02533
452.5994506
1670.64962
55.87211665
3461.043234
975.5200509
1945.157309
874.2532996
3062.20322
1511.626346
240.6615347
1557.926253
5520.576369
4248.289478
5842.656671
3848.664404
5997.1635
1518.807102
4263.279527
2641.039171
3779.753204
3869.668867
4959.137662
1332.920052
5262.230277
5241.337093
1677.882716
4789.829206
1578.325342
1692.699962
4620.120619
1619.867438
2620.486916
4968.501711
635.866549
2410.666256
5762.956753
517.7548517
205.926093
3744.247729
2965.392453
4191.388547
5447.894864
2390.816836
3731.7765
2259.024115
2850.603923
424.2211636
597.6575933
5874.619595
989.6659545
2900.194617
3706.267394
1715.775943
271.6080696
23.0833901
1231.050241
23.08696556
2445.083627
904.0645426
1592.473091
1255.866949
2371.310342
1823.188241
925.2423763
1188.228873
882.4468433
571.3589314
83.22994859
1081.916358
1560.602005
216.0346585
2936.65197
265.3612091
2054.185123
465.1492893
2032.216064
1499.484547
770.6368187
14.43133938
1136.694333
1215.165404
2243.16865
277.2490644
2006.527674
291.7932349
667.3062311
1558.125527
2746.939556
939.7363177
1360.036516
2612.65772
1011.682642
1849.723101
2605.295914
465.6533038
1694.530172
1187.067407
28.02044958
1181.237171
474.2061299
2262.363204
591.364132
2617.560701
1482.923984
2492.644608
2790.475409
569.4905302
1091.486584
906.4317229
2076.359292
1886.249103
2964.381204
2308.385986
2885.592903
865.4262155
2845.457718
1554.951357
2442.54153
848.6277236
1013.988725
2222.14307
2580.087666
407.5503182
719.7674173
2475.694443
1991.477249
1340.608743
2705.078354
16.90772614
1315.694655
97.95446618
2295.942351
2991.224505
407.7218456
1868.398228
2971.007299
2017.018998
2546.026928
473.3478324
2075.674159
1422.342846
1618.625212
986.6464432
882.7405024
1860.29878
1604.280119
2985.407201
1081.415866
2022.791155
2171.273149
856.1071793
733.3314839
615.3967428
2208.933703
2.770255888
859.0502962
1819.861896
835.1850336
1271.257162
2214.155565
1224.670743
967.7585678
2727.617352
1802.641572
2514.546206
